100336 6.10031 0.628304 -176.83
100315 7.11862 0.682147 -175.607
100314 9.05598 0.80533 -175.912
100313 11.1039 0.942226 -174.598
100312 13.1061 1.07388 -177.237
100308 15.1014 1.2097 -176.242
100307 17.055 1.34338 -176.496
100306 19.0891 1.46784 -175.132
100305 21.0906 1.62312 -175.663
100304 23.1072 1.7641 -175.784
100302 25.1052 1.91516 -175.177
100301 26.1072 1.97712 -175.453
100327 26.1179 1.25262 -175.107
100303 25.121 1.1524 -175.992
100326 23.1515 0.99336 92.9135
100335 21.1447 0.903069 -175.223
100334 19.1603 0.747903 -174.986
100333 17.1223 0.599507 -174.381
100332 15.1543 0.469516 -175.953
100331 13.1884 0.324633 -175.221
100340 11.1753 0.192721 -175.535
100339 9.16318 0.0503804 -175.934
100338 7.15956 -0.0671934 -175.613
100337 6.13386 -0.132231 -176.017
add to dable:100337 6.13556 -0.131944 -174.547


100336 6.10031 0.628304 -176.83
100315 7.11862 0.682147 -175.607
100302 25.1052 1.91516 -175.177
100301 26.1072 1.97712 -175.453
100327 26.1179 1.25262 -175.107
100303 25.121 1.1524 -175.992
100338 7.15956 -0.0671934 -175.613
100337 6.13386 -0.132231 -176.017