100111 399.27 -199.63 180.0
100121 399.27 -199.75 180.0
100114 399.27 -200.37 180.0
100138 399.27 -200.49 180.0
100110 399.63 -199.27 180.0
100109 399.63 -199.63 180.0
100119 399.63 -199.75 180.0
100107 399.63 -200.37 180.0
100137 399.63 -200.49 180.0
100106 399.63 -200.73 180.0
100103 400.37 -199.27 180.0
100104 400.37 -199.63 180.0
100116 400.37 -199.75 180.0
100105 400.37 -200.37 180.0
100100 400.37 -200.73 180.0
100102 400.73 -199.63 180.0
100115 400.73 -199.75 180.0
100101 400.73 -200.37 180.0
100124 401.23 -200.37 -90.0
100125 401.73 -200.37 -90.0
100126 402.23 -200.37 180.0
100127 402.73 -200.37 180.0
100128 403.23 -200.37 180.0
100130 403.73 -200.37 180.0
100131 404.23 -200.37 180.0
100132 404.875 -200.37 180.0
100133 405.375 -200.37 180.0
100134 405.875 -200.37 180.0
100135 406.375 -200.37 180.0
100136 406.875 -200.37 180.0
100142 400.37 -198.77 180.0
100143 400.37 -198.27 180.0
100144 400.37 -197.895 180.0
100140 400.37 -197.685 180.0
100141 400.37 -197.565 180.0
100145 399.63 -198.77 180.0
100146 399.63 -198.27 180.0
100147 399.63 -197.895 180.0
100148 399.63 -197.685 180.0
100149 399.63 -197.565 180.0
100151 399.63 -196.495 180.0
100150 399.63 -196.825 180.0
100155 399.27 -197.685 180.0
100154 399.27 -197.565 180.0
100152 399.27 -196.825 180.0
100153 399.27 -196.705 180.0
100157 400.73 -197.685 180.0
100156 400.73 -197.565 180.0
100158 399.63 -201.244 180.0
100159 399.63 -201.744 180.0
100160 399.63 -202.244 180.0
100161 399.63 -202.744 180.0
100162 399.63 -203.244 180.0
100163 399.63 -203.744 180.0
100164 399.63 -204.244 180.0
100165 399.63 -204.744 180.0
100166 399.63 -205.239 180.0
100167 399.63 -205.739 180.0
100168 399.63 -206.239 180.0
100169 399.63 -206.739 180.0
100170 399.63 -207.239 180.0
100171 399.63 -207.739 180.0
100172 399.63 -208.239 180.0
100174 399.63 -208.739 180.0
100176 399.63 -209.239 180.0
100177 399.63 -209.739 180.0
100178 399.63 -210.239 180.0
100179 399.63 -210.739 180.0
100180 399.63 -211.239 180.0
100182 399.63 -211.739 180.0
100183 399.63 -212.239 180.0
100184 399.63 -212.739 180.0
100185 399.63 -213.239 180.0
100186 399.63 -213.739 180.0
100200 399.63 -214.229 180.0
100199 399.63 -214.729 180.0
100198 399.63 -215.229 180.0
100197 399.63 -215.729 180.0
100196 399.63 -216.229 180.0
100195 399.63 -216.729 180.0
100194 399.63 -217.229 180.0
100187 399.63 -217.729 180.0
100188 399.63 -218.229 180.0
100189 399.63 -218.739 180.0
100190 399.63 -219.239 180.0
100191 399.63 -219.739 180.0
100192 399.63 -220.239 180.0
100193 399.63 -220.739 180.0