100336 20.0 0.057 0.0
100315 19.0 0.057 0.0
100314 17.0 0.057 0.0
100313 15.0 0.057 0.0
100312 13.0 0.057 0.0
100308 11.0 0.057 0.0
100307 9.0 0.057 0.0
100306 7.0 0.057 0.0
100305 5.0 0.057 0.0
100304 3.0 0.057 0.0
100302 1.0 0.057 0.0
100301 0.0 0.057 0.0
100337 20.0 0.805 0.0
100338 19.0 0.803 0.0
100339 17.0 0.799 0.0
100340 15.0 0.795 0.0
100331 13.0 0.791 0.0
100332 11.0 0.787 0.0
100333 9.0 0.783 0.0
100334 7.0 0.779 0.0
100335 5.0 0.775 0.0
100326 3.0 0.771 -90.0
100303 1.0 0.767 0.0
100327 0.0 0.765 0.0
100328 -22.06 -5.032 0.0
100329 -22.026 -3.699 0.0
100309 9.865 0.382 0.0
100325 9.925 0.382 0.0
100310 8.4470 -0.858 0.0
