

101989 0.0 -200.37 180.0

100110 0.0 -199.27 0.0
100109 0.0 -199.63 0.0
100119 0.0 -199.75 0.0
100107 0.0 -200.37 0.0
100137 0.0 -200.49 0.0
100106 0.0 -200.73 0.0
100158 0.0 -201.244 0.0
100159 0.0 -201.744 0.0
100160 0.0 -202.244 0.0
100161 0.0 -202.744 0.0
100162 0.0 -203.244 0.0
100163 0.0 -203.744 0.0
100164 0.0 -204.244 0.0
100165 0.0 -204.744 0.0
100166 0.0 -205.239 0.0
100167 0.0 -205.739 0.0
100168 0.0 -206.239 0.0
100169 0.0 -206.739 0.0
100170 0.0 -207.239 0.0
100171 0.0 -207.739 0.0
100172 0.0 -208.239 0.0
100174 0.0 -208.739 0.0
100176 0.0 -209.239 0.0
100177 0.0 -209.739 0.0
100178 0.0 -210.239 0.0
100179 0.0 -210.739 0.0
100180 0.0 -211.239 0.0
100182 0.0 -211.739 0.0
100183 0.0 -212.239 0.0
100184 0.0 -212.739 0.0
100185 0.0 -213.239 0.0
100186 0.0 -213.739 0.0
100200 0.0 -214.229 0.0
100199 0.0 -214.729 0.0
100198 0.0 -215.229 0.0
100197 0.0 -215.729 0.0
100196 0.0 -216.229 0.0
100195 0.0 -216.729 0.0
100194 0.0 -217.229 90.0
100187 0.0 -217.729 90.0
100188 0.0 -218.229 90.0
100189 0.0 -218.739 90.0
100190 0.0 -219.239 90.0
100191 0.0 -219.739 90.0
100192 0.0 -220.239 -45.0
100193 0.0 -220.739 90.0