

5 1 21.673 -3.372 0.009 100004 0 0 0 100005 0 0 0 100006 0 0 0.5
5 0 100003 3.93 0.27 0 100002 4.4 0.27 0 
5 2 100007 0 0 0.5 100008 0 0 0 100009 0 0 0
5 3 100010 0 0 0 100011 0 0 0.5 100012 0 0 0
5 4 100013 0 0 0 100014 0 0 0 100015 0 0 0.5
5 5 100016 0 0 0 100017 0 0 0 100018 0 0 0
5 6 100019 0 0 0.5 100020 0 0 0 100021 0 0 0
5 7 100022 0 0 0 100023 0 0 0 100024 0 0 0
5 8 100025 0 0 0 100026 0 0 0 100027 0 0 0
5 9 100140 0 0 0 100141 0 0 0 100142 0 0 0
5 10 100143 0 0 0 100144 0 0 0.5 100145 0 0 0
5 11 100146 0 0 0 100147 0 0 0 100148 0 0 0.5
5 12 100149 0 0 0.5 100150 0 0 0 100151 0 0 0
5 13 100152 0 0 0.5 100153 0 0 0 100154 0 0 0.5
5 14 100155 0 0 0 100156 0 0 0 100157 0 0 0
5 15 100158 0 0 0 100159 0 0 0 100160 0 0 0
5 16 100161 0 0 0 100162 0 0 0 100163 0 0 0
5 17 100164 0 0 0 100165 0 0 0 100166 0 0 0


6 1 21.686 -5.074 0.009 100038 0 0 0 100034 0 0 0 100035 0 0 0
6 0 100037 3.93 0.27 0 100036 4.4 0.27 0 
6 2 100036 0 0 0 100037 0 0 0 100038 0 0 0
6 3 100039 0 0 0 100040 0 0 0 100041 0 0 0
6 4 100042 0 0 0 100043 0 0 0 100044 0 0 0
6 5 100045 0 0 0 100046 0 0 0 100047 0 0 0
6 6 100048 0 0 0 100049 0 0 0 100050 0 0 0
6 7 100051 0 0 0 100052 0 0 0 100053 0 0 0
6 8 100054 0 0 0 100055 0 0 0 100000 0 0 0
6 9 100001 0 0 0 100139 0 0 0 100135 0 0 0
6 10 100134 0 0 0 100133 0 0 0 100132 0 0 0
6 11 100128 0 0 0 100129 0 0 0 100124 0 0 0
6 12 100125 0 0 0 100130 0 0 0 100131 0 0 0
6 13 100126 0 0 0 100120 0 0 0 100121 0 0 0
6 14 100116 0 0 0 100117 0 0 0 100122 0 0 0
6 15 100112 0 0 0 100113 0 0 0 100118 0 0 0
6 16 100114 0 0 0 100127 0 0 0 100123 0 0 0
6 17 100115 0 0 0 100119 0 0 0 100093 0 0 0


7 1 21.709 -6.781 0.009 100086 0 0 0 100089 0 0 0 100088 0 0 0
7 0 100087 3.93 0.27 0 100091 4.4 0.27 0 
7 2 100092 0 0 0 100094 0 0 0 100095 0 0 0
7 3 100085 0 0 0 100084 0 0 0 100099 0 0 0
7 4 100098 0 0 0 100097 0 0 0 100096 0 0 0
7 5 100102 0 0 0 100103 0 0 0 100101 0 0 0
7 6 100100 0 0 0 100107 0 0 0 100106 0 0 0
7 7 100105 0 0 0 100104 0 0 0 100111 0 0 0
7 8 100110 0 0 0 100109 0 0 0 100108 0 0 0
7 9 100059 0 0 0 100058 0 0 0 100057 0 0 0
7 10 100056 0 0 0 100063 0 0 0 100062 0 0 0
7 11 100061 0 0 0 100060 0 0 0 100067 0 0 0
7 12 100066 0 0 0 100065 0 0 0 100064 0 0 0
7 13 100071 0 0 0 100070 0 0 -90 100069 0 0 0
7 14 100075 0 0 0 100079 0 0 0 100068 0 0 0
7 15 100083 0 0 0 100074 0 0 0 100078 0 0 0
7 16 100082 0 0 0 100073 0 0 0 100072 0 0 0
7 17 100077 0 0 0 100076 0 0 0 100081 0 0 0







